{
 "cells": [
  {
   "cell_type": "code",
   "execution_count": 1,
   "id": "d367b7d3",
   "metadata": {},
   "outputs": [],
   "source": [
    "import warnings \n",
    "warnings.filterwarnings(action='ignore')"
   ]
  },
  {
   "cell_type": "code",
   "execution_count": 2,
   "id": "92b51c77",
   "metadata": {},
   "outputs": [],
   "source": [
    "import numpy as np\n",
    "import pandas as pd\n",
    "import matplotlib.pyplot as plt\n",
    "import seaborn as sns"
   ]
  },
  {
   "cell_type": "code",
   "execution_count": 3,
   "id": "50d29a2f",
   "metadata": {},
   "outputs": [
    {
     "data": {
      "text/html": [
       "<div>\n",
       "<style scoped>\n",
       "    .dataframe tbody tr th:only-of-type {\n",
       "        vertical-align: middle;\n",
       "    }\n",
       "\n",
       "    .dataframe tbody tr th {\n",
       "        vertical-align: top;\n",
       "    }\n",
       "\n",
       "    .dataframe thead th {\n",
       "        text-align: right;\n",
       "    }\n",
       "</style>\n",
       "<table border=\"1\" class=\"dataframe\">\n",
       "  <thead>\n",
       "    <tr style=\"text-align: right;\">\n",
       "      <th></th>\n",
       "      <th>RI</th>\n",
       "      <th>Na</th>\n",
       "      <th>Mg</th>\n",
       "      <th>Al</th>\n",
       "      <th>Si</th>\n",
       "      <th>K</th>\n",
       "      <th>Ca</th>\n",
       "      <th>Ba</th>\n",
       "      <th>Fe</th>\n",
       "      <th>Type</th>\n",
       "    </tr>\n",
       "  </thead>\n",
       "  <tbody>\n",
       "    <tr>\n",
       "      <th>0</th>\n",
       "      <td>1.52101</td>\n",
       "      <td>13.64</td>\n",
       "      <td>4.49</td>\n",
       "      <td>1.10</td>\n",
       "      <td>71.78</td>\n",
       "      <td>0.06</td>\n",
       "      <td>8.75</td>\n",
       "      <td>0.00</td>\n",
       "      <td>0.0</td>\n",
       "      <td>1</td>\n",
       "    </tr>\n",
       "    <tr>\n",
       "      <th>1</th>\n",
       "      <td>1.51761</td>\n",
       "      <td>13.89</td>\n",
       "      <td>3.60</td>\n",
       "      <td>1.36</td>\n",
       "      <td>72.73</td>\n",
       "      <td>0.48</td>\n",
       "      <td>7.83</td>\n",
       "      <td>0.00</td>\n",
       "      <td>0.0</td>\n",
       "      <td>1</td>\n",
       "    </tr>\n",
       "    <tr>\n",
       "      <th>2</th>\n",
       "      <td>1.51618</td>\n",
       "      <td>13.53</td>\n",
       "      <td>3.55</td>\n",
       "      <td>1.54</td>\n",
       "      <td>72.99</td>\n",
       "      <td>0.39</td>\n",
       "      <td>7.78</td>\n",
       "      <td>0.00</td>\n",
       "      <td>0.0</td>\n",
       "      <td>1</td>\n",
       "    </tr>\n",
       "    <tr>\n",
       "      <th>3</th>\n",
       "      <td>1.51766</td>\n",
       "      <td>13.21</td>\n",
       "      <td>3.69</td>\n",
       "      <td>1.29</td>\n",
       "      <td>72.61</td>\n",
       "      <td>0.57</td>\n",
       "      <td>8.22</td>\n",
       "      <td>0.00</td>\n",
       "      <td>0.0</td>\n",
       "      <td>1</td>\n",
       "    </tr>\n",
       "    <tr>\n",
       "      <th>4</th>\n",
       "      <td>1.51742</td>\n",
       "      <td>13.27</td>\n",
       "      <td>3.62</td>\n",
       "      <td>1.24</td>\n",
       "      <td>73.08</td>\n",
       "      <td>0.55</td>\n",
       "      <td>8.07</td>\n",
       "      <td>0.00</td>\n",
       "      <td>0.0</td>\n",
       "      <td>1</td>\n",
       "    </tr>\n",
       "    <tr>\n",
       "      <th>...</th>\n",
       "      <td>...</td>\n",
       "      <td>...</td>\n",
       "      <td>...</td>\n",
       "      <td>...</td>\n",
       "      <td>...</td>\n",
       "      <td>...</td>\n",
       "      <td>...</td>\n",
       "      <td>...</td>\n",
       "      <td>...</td>\n",
       "      <td>...</td>\n",
       "    </tr>\n",
       "    <tr>\n",
       "      <th>209</th>\n",
       "      <td>1.51623</td>\n",
       "      <td>14.14</td>\n",
       "      <td>0.00</td>\n",
       "      <td>2.88</td>\n",
       "      <td>72.61</td>\n",
       "      <td>0.08</td>\n",
       "      <td>9.18</td>\n",
       "      <td>1.06</td>\n",
       "      <td>0.0</td>\n",
       "      <td>7</td>\n",
       "    </tr>\n",
       "    <tr>\n",
       "      <th>210</th>\n",
       "      <td>1.51685</td>\n",
       "      <td>14.92</td>\n",
       "      <td>0.00</td>\n",
       "      <td>1.99</td>\n",
       "      <td>73.06</td>\n",
       "      <td>0.00</td>\n",
       "      <td>8.40</td>\n",
       "      <td>1.59</td>\n",
       "      <td>0.0</td>\n",
       "      <td>7</td>\n",
       "    </tr>\n",
       "    <tr>\n",
       "      <th>211</th>\n",
       "      <td>1.52065</td>\n",
       "      <td>14.36</td>\n",
       "      <td>0.00</td>\n",
       "      <td>2.02</td>\n",
       "      <td>73.42</td>\n",
       "      <td>0.00</td>\n",
       "      <td>8.44</td>\n",
       "      <td>1.64</td>\n",
       "      <td>0.0</td>\n",
       "      <td>7</td>\n",
       "    </tr>\n",
       "    <tr>\n",
       "      <th>212</th>\n",
       "      <td>1.51651</td>\n",
       "      <td>14.38</td>\n",
       "      <td>0.00</td>\n",
       "      <td>1.94</td>\n",
       "      <td>73.61</td>\n",
       "      <td>0.00</td>\n",
       "      <td>8.48</td>\n",
       "      <td>1.57</td>\n",
       "      <td>0.0</td>\n",
       "      <td>7</td>\n",
       "    </tr>\n",
       "    <tr>\n",
       "      <th>213</th>\n",
       "      <td>1.51711</td>\n",
       "      <td>14.23</td>\n",
       "      <td>0.00</td>\n",
       "      <td>2.08</td>\n",
       "      <td>73.36</td>\n",
       "      <td>0.00</td>\n",
       "      <td>8.62</td>\n",
       "      <td>1.67</td>\n",
       "      <td>0.0</td>\n",
       "      <td>7</td>\n",
       "    </tr>\n",
       "  </tbody>\n",
       "</table>\n",
       "<p>214 rows × 10 columns</p>\n",
       "</div>"
      ],
      "text/plain": [
       "          RI     Na    Mg    Al     Si     K    Ca    Ba   Fe  Type\n",
       "0    1.52101  13.64  4.49  1.10  71.78  0.06  8.75  0.00  0.0     1\n",
       "1    1.51761  13.89  3.60  1.36  72.73  0.48  7.83  0.00  0.0     1\n",
       "2    1.51618  13.53  3.55  1.54  72.99  0.39  7.78  0.00  0.0     1\n",
       "3    1.51766  13.21  3.69  1.29  72.61  0.57  8.22  0.00  0.0     1\n",
       "4    1.51742  13.27  3.62  1.24  73.08  0.55  8.07  0.00  0.0     1\n",
       "..       ...    ...   ...   ...    ...   ...   ...   ...  ...   ...\n",
       "209  1.51623  14.14  0.00  2.88  72.61  0.08  9.18  1.06  0.0     7\n",
       "210  1.51685  14.92  0.00  1.99  73.06  0.00  8.40  1.59  0.0     7\n",
       "211  1.52065  14.36  0.00  2.02  73.42  0.00  8.44  1.64  0.0     7\n",
       "212  1.51651  14.38  0.00  1.94  73.61  0.00  8.48  1.57  0.0     7\n",
       "213  1.51711  14.23  0.00  2.08  73.36  0.00  8.62  1.67  0.0     7\n",
       "\n",
       "[214 rows x 10 columns]"
      ]
     },
     "execution_count": 3,
     "metadata": {},
     "output_type": "execute_result"
    }
   ],
   "source": [
    "df = pd.read_csv(\"glass.csv\")\n",
    "df"
   ]
  },
  {
   "cell_type": "code",
   "execution_count": 4,
   "id": "f3e3cc8b",
   "metadata": {},
   "outputs": [
    {
     "name": "stdout",
     "output_type": "stream",
     "text": [
      "<class 'pandas.core.frame.DataFrame'>\n",
      "RangeIndex: 214 entries, 0 to 213\n",
      "Data columns (total 10 columns):\n",
      " #   Column  Non-Null Count  Dtype  \n",
      "---  ------  --------------  -----  \n",
      " 0   RI      214 non-null    float64\n",
      " 1   Na      214 non-null    float64\n",
      " 2   Mg      214 non-null    float64\n",
      " 3   Al      214 non-null    float64\n",
      " 4   Si      214 non-null    float64\n",
      " 5   K       214 non-null    float64\n",
      " 6   Ca      214 non-null    float64\n",
      " 7   Ba      214 non-null    float64\n",
      " 8   Fe      214 non-null    float64\n",
      " 9   Type    214 non-null    int64  \n",
      "dtypes: float64(9), int64(1)\n",
      "memory usage: 16.8 KB\n"
     ]
    }
   ],
   "source": [
    "df.info()"
   ]
  },
  {
   "cell_type": "code",
   "execution_count": 5,
   "id": "bade79db",
   "metadata": {},
   "outputs": [
    {
     "data": {
      "text/html": [
       "<div>\n",
       "<style scoped>\n",
       "    .dataframe tbody tr th:only-of-type {\n",
       "        vertical-align: middle;\n",
       "    }\n",
       "\n",
       "    .dataframe tbody tr th {\n",
       "        vertical-align: top;\n",
       "    }\n",
       "\n",
       "    .dataframe thead th {\n",
       "        text-align: right;\n",
       "    }\n",
       "</style>\n",
       "<table border=\"1\" class=\"dataframe\">\n",
       "  <thead>\n",
       "    <tr style=\"text-align: right;\">\n",
       "      <th></th>\n",
       "      <th>RI</th>\n",
       "      <th>Na</th>\n",
       "      <th>Mg</th>\n",
       "      <th>Al</th>\n",
       "      <th>Si</th>\n",
       "      <th>K</th>\n",
       "      <th>Ca</th>\n",
       "      <th>Ba</th>\n",
       "      <th>Fe</th>\n",
       "      <th>Type</th>\n",
       "    </tr>\n",
       "  </thead>\n",
       "  <tbody>\n",
       "    <tr>\n",
       "      <th>count</th>\n",
       "      <td>214.000000</td>\n",
       "      <td>214.000000</td>\n",
       "      <td>214.000000</td>\n",
       "      <td>214.000000</td>\n",
       "      <td>214.000000</td>\n",
       "      <td>214.000000</td>\n",
       "      <td>214.000000</td>\n",
       "      <td>214.000000</td>\n",
       "      <td>214.000000</td>\n",
       "      <td>214.000000</td>\n",
       "    </tr>\n",
       "    <tr>\n",
       "      <th>mean</th>\n",
       "      <td>1.518365</td>\n",
       "      <td>13.407850</td>\n",
       "      <td>2.684533</td>\n",
       "      <td>1.444907</td>\n",
       "      <td>72.650935</td>\n",
       "      <td>0.497056</td>\n",
       "      <td>8.956963</td>\n",
       "      <td>0.175047</td>\n",
       "      <td>0.057009</td>\n",
       "      <td>2.780374</td>\n",
       "    </tr>\n",
       "    <tr>\n",
       "      <th>std</th>\n",
       "      <td>0.003037</td>\n",
       "      <td>0.816604</td>\n",
       "      <td>1.442408</td>\n",
       "      <td>0.499270</td>\n",
       "      <td>0.774546</td>\n",
       "      <td>0.652192</td>\n",
       "      <td>1.423153</td>\n",
       "      <td>0.497219</td>\n",
       "      <td>0.097439</td>\n",
       "      <td>2.103739</td>\n",
       "    </tr>\n",
       "    <tr>\n",
       "      <th>min</th>\n",
       "      <td>1.511150</td>\n",
       "      <td>10.730000</td>\n",
       "      <td>0.000000</td>\n",
       "      <td>0.290000</td>\n",
       "      <td>69.810000</td>\n",
       "      <td>0.000000</td>\n",
       "      <td>5.430000</td>\n",
       "      <td>0.000000</td>\n",
       "      <td>0.000000</td>\n",
       "      <td>1.000000</td>\n",
       "    </tr>\n",
       "    <tr>\n",
       "      <th>25%</th>\n",
       "      <td>1.516522</td>\n",
       "      <td>12.907500</td>\n",
       "      <td>2.115000</td>\n",
       "      <td>1.190000</td>\n",
       "      <td>72.280000</td>\n",
       "      <td>0.122500</td>\n",
       "      <td>8.240000</td>\n",
       "      <td>0.000000</td>\n",
       "      <td>0.000000</td>\n",
       "      <td>1.000000</td>\n",
       "    </tr>\n",
       "    <tr>\n",
       "      <th>50%</th>\n",
       "      <td>1.517680</td>\n",
       "      <td>13.300000</td>\n",
       "      <td>3.480000</td>\n",
       "      <td>1.360000</td>\n",
       "      <td>72.790000</td>\n",
       "      <td>0.555000</td>\n",
       "      <td>8.600000</td>\n",
       "      <td>0.000000</td>\n",
       "      <td>0.000000</td>\n",
       "      <td>2.000000</td>\n",
       "    </tr>\n",
       "    <tr>\n",
       "      <th>75%</th>\n",
       "      <td>1.519157</td>\n",
       "      <td>13.825000</td>\n",
       "      <td>3.600000</td>\n",
       "      <td>1.630000</td>\n",
       "      <td>73.087500</td>\n",
       "      <td>0.610000</td>\n",
       "      <td>9.172500</td>\n",
       "      <td>0.000000</td>\n",
       "      <td>0.100000</td>\n",
       "      <td>3.000000</td>\n",
       "    </tr>\n",
       "    <tr>\n",
       "      <th>max</th>\n",
       "      <td>1.533930</td>\n",
       "      <td>17.380000</td>\n",
       "      <td>4.490000</td>\n",
       "      <td>3.500000</td>\n",
       "      <td>75.410000</td>\n",
       "      <td>6.210000</td>\n",
       "      <td>16.190000</td>\n",
       "      <td>3.150000</td>\n",
       "      <td>0.510000</td>\n",
       "      <td>7.000000</td>\n",
       "    </tr>\n",
       "  </tbody>\n",
       "</table>\n",
       "</div>"
      ],
      "text/plain": [
       "               RI          Na          Mg          Al          Si           K  \\\n",
       "count  214.000000  214.000000  214.000000  214.000000  214.000000  214.000000   \n",
       "mean     1.518365   13.407850    2.684533    1.444907   72.650935    0.497056   \n",
       "std      0.003037    0.816604    1.442408    0.499270    0.774546    0.652192   \n",
       "min      1.511150   10.730000    0.000000    0.290000   69.810000    0.000000   \n",
       "25%      1.516522   12.907500    2.115000    1.190000   72.280000    0.122500   \n",
       "50%      1.517680   13.300000    3.480000    1.360000   72.790000    0.555000   \n",
       "75%      1.519157   13.825000    3.600000    1.630000   73.087500    0.610000   \n",
       "max      1.533930   17.380000    4.490000    3.500000   75.410000    6.210000   \n",
       "\n",
       "               Ca          Ba          Fe        Type  \n",
       "count  214.000000  214.000000  214.000000  214.000000  \n",
       "mean     8.956963    0.175047    0.057009    2.780374  \n",
       "std      1.423153    0.497219    0.097439    2.103739  \n",
       "min      5.430000    0.000000    0.000000    1.000000  \n",
       "25%      8.240000    0.000000    0.000000    1.000000  \n",
       "50%      8.600000    0.000000    0.000000    2.000000  \n",
       "75%      9.172500    0.000000    0.100000    3.000000  \n",
       "max     16.190000    3.150000    0.510000    7.000000  "
      ]
     },
     "execution_count": 5,
     "metadata": {},
     "output_type": "execute_result"
    }
   ],
   "source": [
    "df.describe()"
   ]
  },
  {
   "cell_type": "code",
   "execution_count": 6,
   "id": "2993ecb3",
   "metadata": {},
   "outputs": [
    {
     "data": {
      "text/plain": [
       "RI      0\n",
       "Na      0\n",
       "Mg      0\n",
       "Al      0\n",
       "Si      0\n",
       "K       0\n",
       "Ca      0\n",
       "Ba      0\n",
       "Fe      0\n",
       "Type    0\n",
       "dtype: int64"
      ]
     },
     "execution_count": 6,
     "metadata": {},
     "output_type": "execute_result"
    }
   ],
   "source": [
    "df.isnull().sum()"
   ]
  },
  {
   "cell_type": "code",
   "execution_count": 7,
   "id": "a30cdd67",
   "metadata": {},
   "outputs": [
    {
     "data": {
      "text/html": [
       "<div>\n",
       "<style scoped>\n",
       "    .dataframe tbody tr th:only-of-type {\n",
       "        vertical-align: middle;\n",
       "    }\n",
       "\n",
       "    .dataframe tbody tr th {\n",
       "        vertical-align: top;\n",
       "    }\n",
       "\n",
       "    .dataframe thead th {\n",
       "        text-align: right;\n",
       "    }\n",
       "</style>\n",
       "<table border=\"1\" class=\"dataframe\">\n",
       "  <thead>\n",
       "    <tr style=\"text-align: right;\">\n",
       "      <th></th>\n",
       "      <th>RI</th>\n",
       "      <th>Na</th>\n",
       "      <th>Mg</th>\n",
       "      <th>Al</th>\n",
       "      <th>Si</th>\n",
       "      <th>K</th>\n",
       "      <th>Ca</th>\n",
       "      <th>Ba</th>\n",
       "      <th>Fe</th>\n",
       "      <th>Type</th>\n",
       "    </tr>\n",
       "  </thead>\n",
       "  <tbody>\n",
       "    <tr>\n",
       "      <th>RI</th>\n",
       "      <td>9.222541e-06</td>\n",
       "      <td>-0.000476</td>\n",
       "      <td>-0.000536</td>\n",
       "      <td>-0.000618</td>\n",
       "      <td>-0.001275</td>\n",
       "      <td>-0.000574</td>\n",
       "      <td>0.003502</td>\n",
       "      <td>-5.828836e-07</td>\n",
       "      <td>0.000042</td>\n",
       "      <td>-0.001049</td>\n",
       "    </tr>\n",
       "    <tr>\n",
       "      <th>Na</th>\n",
       "      <td>-4.758592e-04</td>\n",
       "      <td>0.666841</td>\n",
       "      <td>-0.322422</td>\n",
       "      <td>0.063926</td>\n",
       "      <td>-0.044154</td>\n",
       "      <td>-0.141713</td>\n",
       "      <td>-0.320106</td>\n",
       "      <td>1.326109e-01</td>\n",
       "      <td>-0.019204</td>\n",
       "      <td>0.863939</td>\n",
       "    </tr>\n",
       "    <tr>\n",
       "      <th>Mg</th>\n",
       "      <td>-5.356087e-04</td>\n",
       "      <td>-0.322422</td>\n",
       "      <td>2.080540</td>\n",
       "      <td>-0.346967</td>\n",
       "      <td>-0.185375</td>\n",
       "      <td>0.005076</td>\n",
       "      <td>-0.910916</td>\n",
       "      <td>-3.530469e-01</td>\n",
       "      <td>0.011674</td>\n",
       "      <td>-2.260643</td>\n",
       "    </tr>\n",
       "    <tr>\n",
       "      <th>Al</th>\n",
       "      <td>-6.175934e-04</td>\n",
       "      <td>0.063926</td>\n",
       "      <td>-0.346967</td>\n",
       "      <td>0.249270</td>\n",
       "      <td>-0.002136</td>\n",
       "      <td>0.106138</td>\n",
       "      <td>-0.184450</td>\n",
       "      <td>1.190103e-01</td>\n",
       "      <td>-0.003620</td>\n",
       "      <td>0.628970</td>\n",
       "    </tr>\n",
       "    <tr>\n",
       "      <th>Si</th>\n",
       "      <td>-1.275010e-03</td>\n",
       "      <td>-0.044154</td>\n",
       "      <td>-0.185375</td>\n",
       "      <td>-0.002136</td>\n",
       "      <td>0.599921</td>\n",
       "      <td>-0.097662</td>\n",
       "      <td>-0.230085</td>\n",
       "      <td>-3.934042e-02</td>\n",
       "      <td>-0.007109</td>\n",
       "      <td>0.246967</td>\n",
       "    </tr>\n",
       "    <tr>\n",
       "      <th>K</th>\n",
       "      <td>-5.740478e-04</td>\n",
       "      <td>-0.141713</td>\n",
       "      <td>0.005076</td>\n",
       "      <td>0.106138</td>\n",
       "      <td>-0.097662</td>\n",
       "      <td>0.425354</td>\n",
       "      <td>-0.295006</td>\n",
       "      <td>-1.382028e-02</td>\n",
       "      <td>-0.000491</td>\n",
       "      <td>-0.013795</td>\n",
       "    </tr>\n",
       "    <tr>\n",
       "      <th>Ca</th>\n",
       "      <td>3.502498e-03</td>\n",
       "      <td>-0.320106</td>\n",
       "      <td>-0.910916</td>\n",
       "      <td>-0.184450</td>\n",
       "      <td>-0.230085</td>\n",
       "      <td>-0.295006</td>\n",
       "      <td>2.025366</td>\n",
       "      <td>-7.984845e-02</td>\n",
       "      <td>0.017329</td>\n",
       "      <td>0.002851</td>\n",
       "    </tr>\n",
       "    <tr>\n",
       "      <th>Ba</th>\n",
       "      <td>-5.828836e-07</td>\n",
       "      <td>0.132611</td>\n",
       "      <td>-0.353047</td>\n",
       "      <td>0.119010</td>\n",
       "      <td>-0.039340</td>\n",
       "      <td>-0.013820</td>\n",
       "      <td>-0.079848</td>\n",
       "      <td>2.472270e-01</td>\n",
       "      <td>-0.002844</td>\n",
       "      <td>0.601630</td>\n",
       "    </tr>\n",
       "    <tr>\n",
       "      <th>Fe</th>\n",
       "      <td>4.231770e-05</td>\n",
       "      <td>-0.019204</td>\n",
       "      <td>0.011674</td>\n",
       "      <td>-0.003620</td>\n",
       "      <td>-0.007109</td>\n",
       "      <td>-0.000491</td>\n",
       "      <td>0.017329</td>\n",
       "      <td>-2.843522e-03</td>\n",
       "      <td>0.009494</td>\n",
       "      <td>-0.038594</td>\n",
       "    </tr>\n",
       "    <tr>\n",
       "      <th>Type</th>\n",
       "      <td>-1.049273e-03</td>\n",
       "      <td>0.863939</td>\n",
       "      <td>-2.260643</td>\n",
       "      <td>0.628970</td>\n",
       "      <td>0.246967</td>\n",
       "      <td>-0.013795</td>\n",
       "      <td>0.002851</td>\n",
       "      <td>6.016300e-01</td>\n",
       "      <td>-0.038594</td>\n",
       "      <td>4.425716</td>\n",
       "    </tr>\n",
       "  </tbody>\n",
       "</table>\n",
       "</div>"
      ],
      "text/plain": [
       "                RI        Na        Mg        Al        Si         K  \\\n",
       "RI    9.222541e-06 -0.000476 -0.000536 -0.000618 -0.001275 -0.000574   \n",
       "Na   -4.758592e-04  0.666841 -0.322422  0.063926 -0.044154 -0.141713   \n",
       "Mg   -5.356087e-04 -0.322422  2.080540 -0.346967 -0.185375  0.005076   \n",
       "Al   -6.175934e-04  0.063926 -0.346967  0.249270 -0.002136  0.106138   \n",
       "Si   -1.275010e-03 -0.044154 -0.185375 -0.002136  0.599921 -0.097662   \n",
       "K    -5.740478e-04 -0.141713  0.005076  0.106138 -0.097662  0.425354   \n",
       "Ca    3.502498e-03 -0.320106 -0.910916 -0.184450 -0.230085 -0.295006   \n",
       "Ba   -5.828836e-07  0.132611 -0.353047  0.119010 -0.039340 -0.013820   \n",
       "Fe    4.231770e-05 -0.019204  0.011674 -0.003620 -0.007109 -0.000491   \n",
       "Type -1.049273e-03  0.863939 -2.260643  0.628970  0.246967 -0.013795   \n",
       "\n",
       "            Ca            Ba        Fe      Type  \n",
       "RI    0.003502 -5.828836e-07  0.000042 -0.001049  \n",
       "Na   -0.320106  1.326109e-01 -0.019204  0.863939  \n",
       "Mg   -0.910916 -3.530469e-01  0.011674 -2.260643  \n",
       "Al   -0.184450  1.190103e-01 -0.003620  0.628970  \n",
       "Si   -0.230085 -3.934042e-02 -0.007109  0.246967  \n",
       "K    -0.295006 -1.382028e-02 -0.000491 -0.013795  \n",
       "Ca    2.025366 -7.984845e-02  0.017329  0.002851  \n",
       "Ba   -0.079848  2.472270e-01 -0.002844  0.601630  \n",
       "Fe    0.017329 -2.843522e-03  0.009494 -0.038594  \n",
       "Type  0.002851  6.016300e-01 -0.038594  4.425716  "
      ]
     },
     "execution_count": 7,
     "metadata": {},
     "output_type": "execute_result"
    }
   ],
   "source": [
    "df.cov()"
   ]
  },
  {
   "cell_type": "code",
   "execution_count": 8,
   "id": "6f2b4600",
   "metadata": {},
   "outputs": [
    {
     "data": {
      "text/html": [
       "<div>\n",
       "<style scoped>\n",
       "    .dataframe tbody tr th:only-of-type {\n",
       "        vertical-align: middle;\n",
       "    }\n",
       "\n",
       "    .dataframe tbody tr th {\n",
       "        vertical-align: top;\n",
       "    }\n",
       "\n",
       "    .dataframe thead th {\n",
       "        text-align: right;\n",
       "    }\n",
       "</style>\n",
       "<table border=\"1\" class=\"dataframe\">\n",
       "  <thead>\n",
       "    <tr style=\"text-align: right;\">\n",
       "      <th></th>\n",
       "      <th>RI</th>\n",
       "      <th>Na</th>\n",
       "      <th>Mg</th>\n",
       "      <th>Al</th>\n",
       "      <th>Si</th>\n",
       "      <th>K</th>\n",
       "      <th>Ca</th>\n",
       "      <th>Ba</th>\n",
       "      <th>Fe</th>\n",
       "      <th>Type</th>\n",
       "    </tr>\n",
       "  </thead>\n",
       "  <tbody>\n",
       "    <tr>\n",
       "      <th>RI</th>\n",
       "      <td>1.000000</td>\n",
       "      <td>-0.191885</td>\n",
       "      <td>-0.122274</td>\n",
       "      <td>-0.407326</td>\n",
       "      <td>-0.542052</td>\n",
       "      <td>-0.289833</td>\n",
       "      <td>0.810403</td>\n",
       "      <td>-0.000386</td>\n",
       "      <td>0.143010</td>\n",
       "      <td>-0.164237</td>\n",
       "    </tr>\n",
       "    <tr>\n",
       "      <th>Na</th>\n",
       "      <td>-0.191885</td>\n",
       "      <td>1.000000</td>\n",
       "      <td>-0.273732</td>\n",
       "      <td>0.156794</td>\n",
       "      <td>-0.069809</td>\n",
       "      <td>-0.266087</td>\n",
       "      <td>-0.275442</td>\n",
       "      <td>0.326603</td>\n",
       "      <td>-0.241346</td>\n",
       "      <td>0.502898</td>\n",
       "    </tr>\n",
       "    <tr>\n",
       "      <th>Mg</th>\n",
       "      <td>-0.122274</td>\n",
       "      <td>-0.273732</td>\n",
       "      <td>1.000000</td>\n",
       "      <td>-0.481799</td>\n",
       "      <td>-0.165927</td>\n",
       "      <td>0.005396</td>\n",
       "      <td>-0.443750</td>\n",
       "      <td>-0.492262</td>\n",
       "      <td>0.083060</td>\n",
       "      <td>-0.744993</td>\n",
       "    </tr>\n",
       "    <tr>\n",
       "      <th>Al</th>\n",
       "      <td>-0.407326</td>\n",
       "      <td>0.156794</td>\n",
       "      <td>-0.481799</td>\n",
       "      <td>1.000000</td>\n",
       "      <td>-0.005524</td>\n",
       "      <td>0.325958</td>\n",
       "      <td>-0.259592</td>\n",
       "      <td>0.479404</td>\n",
       "      <td>-0.074402</td>\n",
       "      <td>0.598829</td>\n",
       "    </tr>\n",
       "    <tr>\n",
       "      <th>Si</th>\n",
       "      <td>-0.542052</td>\n",
       "      <td>-0.069809</td>\n",
       "      <td>-0.165927</td>\n",
       "      <td>-0.005524</td>\n",
       "      <td>1.000000</td>\n",
       "      <td>-0.193331</td>\n",
       "      <td>-0.208732</td>\n",
       "      <td>-0.102151</td>\n",
       "      <td>-0.094201</td>\n",
       "      <td>0.151565</td>\n",
       "    </tr>\n",
       "    <tr>\n",
       "      <th>K</th>\n",
       "      <td>-0.289833</td>\n",
       "      <td>-0.266087</td>\n",
       "      <td>0.005396</td>\n",
       "      <td>0.325958</td>\n",
       "      <td>-0.193331</td>\n",
       "      <td>1.000000</td>\n",
       "      <td>-0.317836</td>\n",
       "      <td>-0.042618</td>\n",
       "      <td>-0.007719</td>\n",
       "      <td>-0.010054</td>\n",
       "    </tr>\n",
       "    <tr>\n",
       "      <th>Ca</th>\n",
       "      <td>0.810403</td>\n",
       "      <td>-0.275442</td>\n",
       "      <td>-0.443750</td>\n",
       "      <td>-0.259592</td>\n",
       "      <td>-0.208732</td>\n",
       "      <td>-0.317836</td>\n",
       "      <td>1.000000</td>\n",
       "      <td>-0.112841</td>\n",
       "      <td>0.124968</td>\n",
       "      <td>0.000952</td>\n",
       "    </tr>\n",
       "    <tr>\n",
       "      <th>Ba</th>\n",
       "      <td>-0.000386</td>\n",
       "      <td>0.326603</td>\n",
       "      <td>-0.492262</td>\n",
       "      <td>0.479404</td>\n",
       "      <td>-0.102151</td>\n",
       "      <td>-0.042618</td>\n",
       "      <td>-0.112841</td>\n",
       "      <td>1.000000</td>\n",
       "      <td>-0.058692</td>\n",
       "      <td>0.575161</td>\n",
       "    </tr>\n",
       "    <tr>\n",
       "      <th>Fe</th>\n",
       "      <td>0.143010</td>\n",
       "      <td>-0.241346</td>\n",
       "      <td>0.083060</td>\n",
       "      <td>-0.074402</td>\n",
       "      <td>-0.094201</td>\n",
       "      <td>-0.007719</td>\n",
       "      <td>0.124968</td>\n",
       "      <td>-0.058692</td>\n",
       "      <td>1.000000</td>\n",
       "      <td>-0.188278</td>\n",
       "    </tr>\n",
       "    <tr>\n",
       "      <th>Type</th>\n",
       "      <td>-0.164237</td>\n",
       "      <td>0.502898</td>\n",
       "      <td>-0.744993</td>\n",
       "      <td>0.598829</td>\n",
       "      <td>0.151565</td>\n",
       "      <td>-0.010054</td>\n",
       "      <td>0.000952</td>\n",
       "      <td>0.575161</td>\n",
       "      <td>-0.188278</td>\n",
       "      <td>1.000000</td>\n",
       "    </tr>\n",
       "  </tbody>\n",
       "</table>\n",
       "</div>"
      ],
      "text/plain": [
       "            RI        Na        Mg        Al        Si         K        Ca  \\\n",
       "RI    1.000000 -0.191885 -0.122274 -0.407326 -0.542052 -0.289833  0.810403   \n",
       "Na   -0.191885  1.000000 -0.273732  0.156794 -0.069809 -0.266087 -0.275442   \n",
       "Mg   -0.122274 -0.273732  1.000000 -0.481799 -0.165927  0.005396 -0.443750   \n",
       "Al   -0.407326  0.156794 -0.481799  1.000000 -0.005524  0.325958 -0.259592   \n",
       "Si   -0.542052 -0.069809 -0.165927 -0.005524  1.000000 -0.193331 -0.208732   \n",
       "K    -0.289833 -0.266087  0.005396  0.325958 -0.193331  1.000000 -0.317836   \n",
       "Ca    0.810403 -0.275442 -0.443750 -0.259592 -0.208732 -0.317836  1.000000   \n",
       "Ba   -0.000386  0.326603 -0.492262  0.479404 -0.102151 -0.042618 -0.112841   \n",
       "Fe    0.143010 -0.241346  0.083060 -0.074402 -0.094201 -0.007719  0.124968   \n",
       "Type -0.164237  0.502898 -0.744993  0.598829  0.151565 -0.010054  0.000952   \n",
       "\n",
       "            Ba        Fe      Type  \n",
       "RI   -0.000386  0.143010 -0.164237  \n",
       "Na    0.326603 -0.241346  0.502898  \n",
       "Mg   -0.492262  0.083060 -0.744993  \n",
       "Al    0.479404 -0.074402  0.598829  \n",
       "Si   -0.102151 -0.094201  0.151565  \n",
       "K    -0.042618 -0.007719 -0.010054  \n",
       "Ca   -0.112841  0.124968  0.000952  \n",
       "Ba    1.000000 -0.058692  0.575161  \n",
       "Fe   -0.058692  1.000000 -0.188278  \n",
       "Type  0.575161 -0.188278  1.000000  "
      ]
     },
     "execution_count": 8,
     "metadata": {},
     "output_type": "execute_result"
    }
   ],
   "source": [
    "df.corr()"
   ]
  },
  {
   "cell_type": "code",
   "execution_count": 10,
   "id": "a9257f10",
   "metadata": {},
   "outputs": [],
   "source": [
    "x=df[['Na','Mg','Al','Ba']]\n",
    "y=df['Type']"
   ]
  },
  {
   "cell_type": "code",
   "execution_count": 11,
   "id": "9a92fc07",
   "metadata": {},
   "outputs": [],
   "source": [
    "from sklearn.model_selection import train_test_split\n",
    "x_train, x_test, y_train, y_test = train_test_split(x, y, train_size=0.8, random_state=123456)"
   ]
  },
  {
   "cell_type": "code",
   "execution_count": 12,
   "id": "cdf07b41",
   "metadata": {},
   "outputs": [],
   "source": [
    "def create_KNN_model():\n",
    "    from sklearn.neighbors import KNeighborsClassifier\n",
    "    model = KNeighborsClassifier()\n",
    "    model.fit(x_train,y_train)\n",
    "    return model"
   ]
  },
  {
   "cell_type": "code",
   "execution_count": 13,
   "id": "57825833",
   "metadata": {},
   "outputs": [],
   "source": [
    "def create_SVM_model():\n",
    "    from sklearn.svm import SVC\n",
    "    model = SVC()\n",
    "    model.fit(x_train,y_train)\n",
    "    return model"
   ]
  },
  {
   "cell_type": "code",
   "execution_count": 14,
   "id": "ea611504",
   "metadata": {},
   "outputs": [],
   "source": [
    "def create_naive_bayes_model():\n",
    "    from sklearn.naive_bayes import GaussianNB\n",
    "    model = GaussianNB()\n",
    "    model.fit(x_train,y_train)\n",
    "    return model"
   ]
  },
  {
   "cell_type": "code",
   "execution_count": 19,
   "id": "7541e0d1",
   "metadata": {},
   "outputs": [],
   "source": [
    "from sklearn.metrics import accuracy_score,precision_score,recall_score,f1_score\n",
    "def evaluate_model(model):\n",
    "    y_pred = model.predict(x_test)\n",
    "    accuracy = accuracy_score(y_test,y_pred)\n",
    "    precision = precision_score(y_test,y_pred,average = 'macro')\n",
    "    recall = recall_score(y_test,y_pred,average = 'macro')\n",
    "    f1 = f1_score(y_test,y_pred,average = 'macro')\n",
    "    return f'{accuracy:.2f}', f'{precision:.2f}', f'{recall:.2f}', f'{f1:.2f}'\n",
    "    \n"
   ]
  },
  {
   "cell_type": "code",
   "execution_count": 20,
   "id": "96c4e4e9",
   "metadata": {},
   "outputs": [],
   "source": [
    "# list to keep all models\n",
    "models =[]\n",
    "#create all the models\n",
    "models.append({\"name\" : \"naive bayes\",'model':create_naive_bayes_model() })\n",
    "models.append({\"name\" : \"KNN\",'model':create_KNN_model()})\n",
    "models.append({\"name\" : \"SVM\",'model':create_SVM_model()})\n"
   ]
  },
  {
   "cell_type": "code",
   "execution_count": 22,
   "id": "292e3ceb",
   "metadata": {},
   "outputs": [
    {
     "data": {
      "text/html": [
       "<div>\n",
       "<style scoped>\n",
       "    .dataframe tbody tr th:only-of-type {\n",
       "        vertical-align: middle;\n",
       "    }\n",
       "\n",
       "    .dataframe tbody tr th {\n",
       "        vertical-align: top;\n",
       "    }\n",
       "\n",
       "    .dataframe thead th {\n",
       "        text-align: right;\n",
       "    }\n",
       "</style>\n",
       "<table border=\"1\" class=\"dataframe\">\n",
       "  <thead>\n",
       "    <tr style=\"text-align: right;\">\n",
       "      <th></th>\n",
       "      <th>name</th>\n",
       "      <th>accuracy</th>\n",
       "      <th>precision</th>\n",
       "      <th>recall</th>\n",
       "      <th>f1</th>\n",
       "    </tr>\n",
       "  </thead>\n",
       "  <tbody>\n",
       "    <tr>\n",
       "      <th>0</th>\n",
       "      <td>naive bayes</td>\n",
       "      <td>0.40</td>\n",
       "      <td>0.44</td>\n",
       "      <td>0.49</td>\n",
       "      <td>0.36</td>\n",
       "    </tr>\n",
       "    <tr>\n",
       "      <th>1</th>\n",
       "      <td>KNN</td>\n",
       "      <td>0.60</td>\n",
       "      <td>0.62</td>\n",
       "      <td>0.58</td>\n",
       "      <td>0.54</td>\n",
       "    </tr>\n",
       "    <tr>\n",
       "      <th>2</th>\n",
       "      <td>SVM</td>\n",
       "      <td>0.30</td>\n",
       "      <td>0.16</td>\n",
       "      <td>0.26</td>\n",
       "      <td>0.17</td>\n",
       "    </tr>\n",
       "  </tbody>\n",
       "</table>\n",
       "</div>"
      ],
      "text/plain": [
       "          name accuracy precision recall    f1\n",
       "0  naive bayes     0.40      0.44   0.49  0.36\n",
       "1          KNN     0.60      0.62   0.58  0.54\n",
       "2          SVM     0.30      0.16   0.26  0.17"
      ]
     },
     "execution_count": 22,
     "metadata": {},
     "output_type": "execute_result"
    }
   ],
   "source": [
    "for model in models:\n",
    "    accuracy,precision,recall,f1=evaluate_model(model['model'])\n",
    "    model['accuracy'] = accuracy\n",
    "    model['precision'] = precision\n",
    "    model['recall'] = recall\n",
    "    model['f1'] = f1\n",
    "\n",
    "df_evaluation_report_test = pd.DataFrame(models,columns=['name','accuracy','precision','recall','f1']) \n",
    "df_evaluation_report_test \n",
    "\n",
    "    "
   ]
  },
  {
   "cell_type": "code",
   "execution_count": 23,
   "id": "1b730eb2",
   "metadata": {},
   "outputs": [],
   "source": [
    "from sklearn.metrics import accuracy_score,precision_score,recall_score,f1_score\n",
    "def evaluate_model(model):\n",
    "    y_pred = model.predict(x_train)\n",
    "    accuracy = accuracy_score(y_train,y_pred)\n",
    "    precision = precision_score(y_train,y_pred,average = 'macro')\n",
    "    recall = recall_score(y_train,y_pred,average = 'macro')\n",
    "    f1 = f1_score(y_train,y_pred,average = 'macro')\n",
    "    return f'{accuracy:.2f}', f'{precision:.2f}', f'{recall:.2f}', f'{f1:.2f}'\n",
    "    \n"
   ]
  },
  {
   "cell_type": "code",
   "execution_count": 24,
   "id": "9c8acb50",
   "metadata": {},
   "outputs": [],
   "source": [
    "# list to keep all models\n",
    "models =[]\n",
    "#create all the models\n",
    "models.append({\"name\" : \"naive bayes\",'model':create_naive_bayes_model() })\n",
    "models.append({\"name\" : \"KNN\",'model':create_KNN_model()})\n",
    "models.append({\"name\" : \"SVM\",'model':create_SVM_model()})\n"
   ]
  },
  {
   "cell_type": "code",
   "execution_count": 25,
   "id": "9acdf4a1",
   "metadata": {},
   "outputs": [
    {
     "data": {
      "text/html": [
       "<div>\n",
       "<style scoped>\n",
       "    .dataframe tbody tr th:only-of-type {\n",
       "        vertical-align: middle;\n",
       "    }\n",
       "\n",
       "    .dataframe tbody tr th {\n",
       "        vertical-align: top;\n",
       "    }\n",
       "\n",
       "    .dataframe thead th {\n",
       "        text-align: right;\n",
       "    }\n",
       "</style>\n",
       "<table border=\"1\" class=\"dataframe\">\n",
       "  <thead>\n",
       "    <tr style=\"text-align: right;\">\n",
       "      <th></th>\n",
       "      <th>name</th>\n",
       "      <th>accuracy</th>\n",
       "      <th>precision</th>\n",
       "      <th>recall</th>\n",
       "      <th>f1</th>\n",
       "    </tr>\n",
       "  </thead>\n",
       "  <tbody>\n",
       "    <tr>\n",
       "      <th>0</th>\n",
       "      <td>naive bayes</td>\n",
       "      <td>0.40</td>\n",
       "      <td>0.38</td>\n",
       "      <td>0.43</td>\n",
       "      <td>0.31</td>\n",
       "    </tr>\n",
       "    <tr>\n",
       "      <th>1</th>\n",
       "      <td>KNN</td>\n",
       "      <td>0.77</td>\n",
       "      <td>0.81</td>\n",
       "      <td>0.66</td>\n",
       "      <td>0.67</td>\n",
       "    </tr>\n",
       "    <tr>\n",
       "      <th>2</th>\n",
       "      <td>SVM</td>\n",
       "      <td>0.52</td>\n",
       "      <td>0.28</td>\n",
       "      <td>0.34</td>\n",
       "      <td>0.27</td>\n",
       "    </tr>\n",
       "  </tbody>\n",
       "</table>\n",
       "</div>"
      ],
      "text/plain": [
       "          name accuracy precision recall    f1\n",
       "0  naive bayes     0.40      0.38   0.43  0.31\n",
       "1          KNN     0.77      0.81   0.66  0.67\n",
       "2          SVM     0.52      0.28   0.34  0.27"
      ]
     },
     "execution_count": 25,
     "metadata": {},
     "output_type": "execute_result"
    }
   ],
   "source": [
    "for model in models:\n",
    "    accuracy,precision,recall,f1=evaluate_model(model['model'])\n",
    "    model['accuracy'] = accuracy\n",
    "    model['precision'] = precision\n",
    "    model['recall'] = recall\n",
    "    model['f1'] = f1\n",
    "\n",
    "df_evaluation_report_train = pd.DataFrame(models,columns=['name','accuracy','precision','recall','f1']) \n",
    "df_evaluation_report_train \n",
    "\n",
    "    "
   ]
  }
 ],
 "metadata": {
  "kernelspec": {
   "display_name": "base",
   "language": "python",
   "name": "python3"
  },
  "language_info": {
   "codemirror_mode": {
    "name": "ipython",
    "version": 3
   },
   "file_extension": ".py",
   "mimetype": "text/x-python",
   "name": "python",
   "nbconvert_exporter": "python",
   "pygments_lexer": "ipython3",
   "version": "3.12.7"
  }
 },
 "nbformat": 4,
 "nbformat_minor": 5
}
